2
2 4 

3
2 7 9 

3
2 6 13 

5
2 7 14 16 19 

6
2 7 14 15 24 27 

7
2 7 14 16 24 29 34 

9
2 7 14 16 25 28 35 39 42 

10
2 7 14 15 24 34 36 38 50 53 

13
2 7 14 16 25 29 35 40 46 51 56 59 64 

15
2 7 14 16 25 29 35 40 46 52 58 65 67 72 75 

17
2 7 14 16 25 29 35 40 46 51 59 64 66 81 84 86 89 

19
2 7 14 16 25 29 35 40 45 52 58 65 72 78 80 87 96 99 103 

21
2 7 14 16 25 28 35 39 51 55 57 64 71 86 89 91 93 95 112 115 118 

24
2 7 14 16 25 29 35 40 45 52 58 65 72 78 80 87 96 103 108 113 121 126 131 134 

27
2 7 14 16 25 29 35 40 45 52 58 65 72 78 80 87 96 103 113 120 122 124 131 135 143 146 150 

30
2 7 14 16 25 29 35 40 46 52 59 65 66 72 81 87 96 103 106 108 113 131 134 136 141 143 156 163 166 169 

